8 0 1 2 3 4 5 6 7 
95.5882
102.528
27.5568
31.8246
27.5357
0
4.31029
2.88131
95.5882
105.542
27.9823
32.234
27.9399
0
4.33518
2.90571
95.5882
105.501
28.4102
32.6423
28.3448
0
4.36038
2.93034
95.5882
105.46
28.8406
33.0493
28.7501
0
4.38591
2.95519
95.5882
105.418
29.2732
33.4549
29.1558
0
4.41174
2.98028
95.5882
105.376
29.708
33.8589
29.5616
0
4.43789
3.0056
95.5882
105.335
30.1446
34.261
29.9673
0
4.46435
3.03116
95.5882
105.293
30.5831
34.6612
30.3728
0
4.49112
3.05695
95.5882
105.252
31.0232
35.0593
30.7779
0
4.51819
3.08298
95.5882
105.21
31.4647
35.4552
31.1824
0
4.54558
3.10924
95.5882
105.168
31.9076
35.8485
31.5862
0
4.57327
3.13575
95.5882
105.127
32.3516
36.2393
31.9891
0
4.60128
3.16249
95.5882
105.085
32.7965
36.6273
32.3909
0
4.62958
3.18948
95.5882
105.044
33.2423
37.0124
32.7915
0
4.65819
3.21671
95.5882
105.003
33.6886
37.3945
33.1906
0
4.68711
3.24419
95.5882
104.962
34.1354
37.7734
33.5881
0
4.71633
3.27191
95.5882
104.921
34.5824
38.149
33.9839
0
4.74585
3.29988
95.5882
104.88
35.0296
38.5211
34.3777
0
4.77567
3.3281
95.5882
104.839
35.4766
38.8897
34.7695
0
4.80579
3.35657
95.5882
104.799
35.9234
39.2545
35.159
0
4.83622
3.38529
95.5882
104.758
36.3697
39.6156
35.5461
0
4.86694
3.41426
95.5882
104.718
36.8154
39.9727
35.9307
0
4.89796
3.44349
95.5882
104.678
37.2602
40.3258
36.3126
0
4.92928
3.47297
95.5882
104.639
37.7041
40.6748
36.6917
0
4.9609
3.50271
95.5882
104.599
38.1468
41.0195
37.0678
0
4.99281
3.53271
95.5882
104.56
38.5882
41.3599
37.4407
0
5.02502
3.56297
95.5882
104.521
39.0281
41.6959
37.8105
0
5.05753
3.59349
95.5882
104.483
39.4663
42.0275
38.1768
0
5.09032
3.62428
95.5882
104.444
39.9026
42.3545
38.5397
0
5.12342
3.65532
95.5882
104.406
40.337
42.6769
38.899
0
5.1568
3.68663
95.5882
104.369
40.7691
42.9946
39.2546
0
5.19048
3.71821
95.5882
104.332
41.1989
43.3076
39.6063
0
5.22445
3.75006
95.5882
104.295
41.6262
43.6157
39.9541
0
5.25871
3.78218
95.5882
104.258
42.0509
43.9191
40.2978
0
5.29325
3.81456
95.5882
104.222
42.4727
44.2175
40.6375
0
5.32809
3.84722
95.5882
104.186
42.8916
44.5111
40.9729
0
5.36322
3.88015
95.5882
104.151
43.3074
44.7997
41.3041
0
5.39863
3.91336
95.5882
104.116
43.7199
45.0834
41.6309
0
5.43434
3.94684
95.5882
104.081
44.1291
45.362
41.9532
0
5.47032
3.9806
95.5882
104.047
44.5347
45.6357
42.2711
0
5.5066
4.01464
95.5882
104.014
44.9367
45.9043
42.5844
0
5.54315
4.04896
95.5882
103.98
45.335
46.1679
42.8931
0
5.58
4.08355
95.5882
103.948
45.7293
46.4265
43.1971
0
5.61712
4.11844
95.5882
103.915
46.1197
46.6801
43.4964
0
5.65453
4.1536
95.5882
103.883
46.506
46.9287
43.7909
0
5.69221
4.18905
95.5882
103.852
46.8881
47.1722
44.0807
0
5.73018
4.22479
95.5882
103.821
47.2659
47.4108
44.3656
0
5.76843
4.26081
95.5882
103.79
47.6393
47.6444
44.6458
0
5.80696
4.29713
95.5882
103.76
48.0082
47.8731
44.921
0
5.84576
4.33373
95.5882
103.731
48.3726
48.0968
45.1914
0
5.88484
4.37062
95.5882
103.702
48.7323
48.3156
45.4568
0
5.9242
4.40781
95.5882
103.673
49.0873
48.5295
45.7174
0
5.96383
4.44529
95.5882
103.645
49.4376
48.7387
45.9731
0
6.00373
4.48307
95.5882
103.617
49.783
48.943
46.2239
0
6.04391
4.52114
95.5882
103.59
50.1234
49.1426
46.4698
0
6.08436
4.55951
95.5882
103.563
50.459
49.3374
46.7108
0
6.12508
4.59818
95.5882
103.537
50.7896
49.5276
46.9469
0
6.16607
4.63715
95.5882
103.511
51.1151
49.7132
47.1782
0
6.20733
4.67642
95.5882
103.486
51.4355
49.8941
47.4047
0
6.24886
4.71599
95.5882
103.461
51.7509
50.0706
47.6263
0
6.29065
4.75587
95.5882
103.437
52.0611
50.2426
47.8432
0
6.33271
4.79605
95.5882
103.413
52.3661
50.4101
48.0553
0
6.37503
4.83653
95.5882
103.39
52.666
50.5733
48.2626
0
6.41761
4.87732
95.5882
103.367
52.9607
50.7322
48.4653
0
6.46046
4.91842
95.5882
103.345
53.2502
50.8868
48.6634
0
6.50356
4.95983
95.5882
103.323
53.5345
51.0373
48.8568
0
6.54693
5.00155
95.5882
103.302
53.8136
51.1836
49.0456
0
6.59055
5.04358
95.5882
103.281
54.0875
51.3258
49.2299
0
6.63443
5.08592
95.5882
103.26
54.3562
51.464
49.4098
0
6.67856
5.12857
95.5882
103.24
54.6197
51.5983
49.5852
0
6.72295
5.17154
95.5882
103.221
54.8781
51.7287
49.7562
0
6.76759
5.21482
95.5882
103.201
55.1313
51.8552
49.9229
0
6.81248
5.25842
95.5882
103.183
55.3794
51.978
50.0853
0
6.85762
5.30234
95.5882
103.165
55.6224
52.0971
50.2434
0
6.90301
5.34657
95.5882
103.147
55.8603
52.2125
50.3974
0
6.94864
5.39112
95.5882
103.129
56.0931
52.3244
50.5473
0
6.99451
5.43599
95.5882
103.113
56.321
52.4327
50.6931
0
7.04063
5.48118
95.5882
103.096
56.5438
52.5376
50.8349
0
7.08699
5.52669
95.5882
103.08
56.7617
52.6391
50.9728
0
7.13359
5.57252
95.5882
103.064
56.9747
52.7373
51.1067
0
7.18043
5.61868
95.5882
103.049
57.1829
52.8322
51.2369
0
7.2275
5.66516
95.5882
103.034
57.3862
52.9239
51.3632
0
7.27481
5.71196
95.5882
103.02
57.5847
53.0125
51.4859
0
7.32235
5.75909
95.5882
103.006
57.7785
53.098
51.6048
0
7.37012
5.80655
95.5882
102.992
57.9677
53.1805
51.7202
0
7.41812
5.85433
95.5882
102.979
58.1522
53.26
51.8321
0
7.46635
5.90243
95.5882
102.966
58.3322
53.3366
51.9405
0
7.5148
5.95087
95.5882
102.953
58.5076
53.4104
52.0455
0
7.56347
5.99963
95.5882
102.941
58.6786
53.4813
52.1471
0
7.61237
6.04872
95.5882
102.929
58.8451
53.5496
52.2454
0
7.66148
6.09814
95.5882
102.918
59.0073
53.6152
52.3405
0
7.71081
6.14789
95.5882
102.907
59.1653
53.6781
52.4325
0
7.76035
6.19797
95.5882
102.896
59.3189
53.7386
52.5213
0
7.81011
6.24839
95.5882
102.886
59.4684
53.7965
52.607
0
7.86008
6.29913
95.5882
102.876
59.6138
53.8519
52.6898
0
7.91025
6.3502
95.5882
102.866
59.7552
53.9049
52.7696
0
7.96063
6.40161
95.5882
102.856
59.8925
53.9556
52.8465
0
8.01122
6.45334
95.5882
102.847
60.0259
54.004
52.9206
0
8.062
6.50541
95.5882
102.838
60.1554
54.0502
52.9919
0
8.11299
6.55782
95.5882
102.83
60.2811
54.0941
53.0605
0
8.16417
6.61055
95.5882
102.822
60.4031
54.1359
53.1264
0
8.21554
6.66362
95.5882
102.814
60.5214
54.1756
53.1898
0
8.26711
6.71702
95.5882
102.806
60.636
54.2132
53.2505
0
8.31887
6.77076
95.5882
102.799
60.7471
54.2488
53.3088
0
8.37081
6.82483
95.5882
102.792
60.8547
54.2825
53.3646
0
8.42293
6.87923
95.5882
102.785
60.9588
54.3142
53.418
0
8.47524
6.93396
95.5882
102.778
61.0595
54.344
53.469
0
8.52773
6.98903
95.5882
102.772
61.1569
54.372
53.5177
0
8.58039
7.04444
95.5882
102.766
61.2511
54.3982
53.5642
0
8.63322
7.10017
95.5882
102.76
61.342
54.4226
53.6085
0
8.68623
7.15624
95.5882
102.754
61.4299
54.4453
53.6506
0
8.7394
7.21264
95.5882
102.749
61.5146
54.4663
53.6905
0
8.79274
7.26938
95.5882
102.744
61.5963
54.4857
53.7284
0
8.84624
7.32644
95.5882
102.739
61.675
54.5034
53.7643
0
8.8999
7.38384
95.5882
102.735
61.7508
54.5196
53.7982
0
8.95372
7.44158
95.5882
102.73
61.8237
54.5342
53.8302
0
9.00769
7.49964
95.5882
102.726
61.8939
54.5474
53.8602
0
9.06181
7.55803
95.5882
102.722
61.9613
54.559
53.8884
0
9.11607
7.61676
95.5882
102.718
62.026
54.5693
53.9147
0
9.17049
7.67581
95.5882
102.715
62.0881
54.5781
53.9393
0
9.22504
7.7352
95.5882
102.711
62.1476
54.5855
53.9621
0
9.27973
7.79491
95.5882
102.708
62.2045
54.5916
53.9833
0
9.33456
7.85495
95.5882
102.705
62.259
54.5964
54.0027
0
9.38951
7.91532
95.5882
102.702
62.3111
54.5999
54.0205
0
9.4446
7.97601
95.5882
102.7
62.3607
54.6021
54.0367
0
9.49981
8.03704
95.5882
102.697
62.4081
54.6031
54.0514
0
9.55515
8.09838
95.5882
102.695
62.4532
54.6029
54.0645
0
9.6106
8.16005
95.5882
102.693
62.496
54.6015
54.0761
0
9.66617
8.22205
95.5882
102.691
62.5366
54.5989
54.0863
0
9.72185
8.28436
95.5882
102.689
62.5751
54.5952
54.095
0
9.77764
8.347
95.5882
102.688
62.6116
54.5904
54.1023
0
9.83354
8.40996
95.5882
102.686
62.6459
54.5845
54.1082
0
9.88953
8.47324
95.5882
102.685
62.6783
54.5776
54.1128
0
9.94563
8.53683
95.5882
102.684
62.7087
54.5696
54.1161
0
10.0018
8.60074
95.5882
102.683
62.7372
54.5606
54.118
0
10.0581
8.66497
95.5882
102.682
62.7638
54.5506
54.1188
0
10.1145
8.72951
95.5882
102.681
62.7886
54.5397
54.1182
0
10.1709
8.79436
95.5882
102.681
62.8116
54.5277
54.1165
0
10.2275
8.85953
95.5882
102.68
62.8328
54.5149
54.1136
0
10.2841
8.925
95.5882
102.68
62.8523
54.5011
54.1095
0
10.3408
8.99078
95.5882
102.68
62.8702
54.4864
54.1043
0
10.3975
9.05687
95.5882
102.68
62.8864
54.4708
54.0979
0
10.4543
9.12326
95.5882
102.68
62.901
54.4544
54.0905
0
10.5112
9.18995
95.5882
102.68
62.914
54.4371
54.082
0
10.5682
9.25695
95.5882
102.68
62.9255
54.419
54.0725
0
10.6252
9.32424
95.5882
102.681
62.9355
54.4001
54.0619
0
10.6822
9.39183
95.5882
102.681
62.9441
54.3804
54.0503
0
10.7393
9.45972
95.5882
102.682
62.9512
54.3599
54.0377
0
10.7965
9.5279
95.5882
102.683
62.9569
54.3386
54.0242
0
10.8536
9.59637
95.5882
102.684
62.9613
54.3165
54.0097
0
10.9109
9.66513
95.5882
102.685
62.9643
54.2938
53.9943
0
10.9681
9.73418
95.5882
102.686
62.966
54.2702
53.978
0
11.0254
9.80351
95.5882
102.687
62.9665
54.246
53.9608
0
11.0827
9.87312
95.5882
102.688
62.9657
54.2211
53.9427
0
11.14
9.94301
95.5882
102.689
62.9637
54.1955
53.9237
0
11.1973
10.0132
95.5882
102.691
62.9605
54.1692
53.9039
0
11.2547
10.0836
95.5882
102.692
62.9561
54.1422
53.8833
0
11.3121
10.1543
95.5882
102.694
62.9506
54.1146
53.8618
0
11.3694
10.2253
95.5882
102.696
62.944
54.0863
53.8396
0
11.4268
10.2966
95.5882
102.698
62.9364
54.0574
53.8166
0
11.4842
10.3681
95.5882
102.7
62.9276
54.0279
53.7928
0
11.5415
10.4399
95.5882
102.702
62.9179
53.9978
53.7682
0
11.5989
10.5119
95.5882
102.704
62.9071
53.967
53.7429
0
11.6562
10.5842
95.5882
102.706
62.8954
53.9357
53.7169
0
11.7135
10.6567
95.5882
102.708
62.8827
53.9038
53.6902
0
11.7708
10.7295
95.5882
102.71
62.8691
53.8713
53.6628
0
11.828
10.8026
95.5882
102.713
62.8546
53.8383
53.6346
0
11.8853
10.8758
95.5882
102.715
62.8391
53.8047
53.6058
0
11.9425
10.9494
95.5882
102.718
62.8228
53.7705
53.5763
0
11.9996
11.0231
95.5882
102.72
62.8057
53.7358
53.5462
0
12.0567
11.0971
95.5882
102.723
62.7877
53.7006
53.5154
0
12.1138
11.1713
95.5882
102.726
62.769
53.6648
53.484
0
12.1708
11.2458
95.5882
102.729
62.7494
53.6286
53.452
0
12.2278
11.3204
95.5882
102.731
62.7291
53.5918
53.4193
0
12.2847
11.3953
95.5882
102.734
62.708
53.5545
53.3861
0
12.3415
11.4704
95.5882
102.737
62.6862
53.5168
53.3523
0
12.3983
11.5457
95.5882
102.74
62.6637
53.4785
53.3178
0
12.455
11.6212
95.5882
102.743
62.6405
53.4398
53.2828
0
12.5116
11.697
95.5882
102.747
62.6166
53.4006
53.2472
0
12.5681
11.7729
95.5882
102.75
62.592
53.3609
53.2111
0
12.6246
11.849
95.5882
102.753
62.5668
53.3207
53.1744
0
12.681
11.9253
95.5882
102.757
62.541
53.2801
53.1372
0
12.7373
12.0018
95.5882
102.76
62.5146
53.2391
53.0995
0
12.7935
12.0784
95.5882
102.763
62.4876
53.1976
53.0612
0
12.8496
12.1553
95.5882
102.767
62.4599
53.1557
53.0224
0
12.9055
12.2323
95.5882
102.77
62.4318
53.1133
52.9831
0
12.9614
12.3095
95.5882
102.774
62.4031
53.0705
52.9433
0
13.0172
12.3869
95.5882
102.778
62.3738
53.0273
52.903
0
13.0729
12.4644
95.5882
102.781
62.344
52.9837
52.8622
0
13.1284
12.5421
95.5882
102.785
62.3137
52.9397
52.8209
0
13.1838
12.6199
95.5882
102.789
62.283
52.8953
52.7792
0
13.2391
12.6979
95.5882
102.793
62.2517
52.8504
52.737
0
13.2943
12.776
95.5882
102.797
62.22
52.8052
52.6943
0
13.3493
12.8542
95.5882
102.801
62.1878
52.7596
52.6512
0
13.4042
12.9326
95.5882
102.805
62.1552
52.7136
52.6076
0
13.459
13.0111
95.5882
102.809
62.1221
52.6672
52.5636
0
13.5136
13.0897
95.5882
102.813
62.0886
52.6204
52.5192
0
13.568
13.1685
95.5882
102.817
62.0548
52.5733
52.4743
0
13.6223
13.2474
95.5882
102.821
62.0205
52.5258
52.429
0
13.6765
13.3263
95.5882
102.825
61.9858
52.4779
52.3833
0
13.7305
13.4054
95.5882
102.829
61.9508
52.4297
52.3371
0
13.7843
13.4846
95.5882
102.834
61.9154
52.3811
52.2906
0
13.838
13.5638
95.5882
102.838
61.8797
52.3321
52.2437
0
13.8915
13.6432
95.5882
102.842
61.8436
52.2829
52.1963
0
13.9448
13.7226
95.5882
102.847
61.8072
52.2332
52.1486
0
13.998
13.8021
95.5882
102.851
61.7704
52.1833
52.1005
0
14.0509
13.8816
95.5882
102.856
61.7334
52.133
52.052
0
14.1037
13.9613
95.5882
102.86
61.6961
52.0823
52.0032
0
14.1563
14.041
95.5882
102.864
61.6584
52.0314
51.9539
0
14.2088
14.1207
95.5882
102.869
61.6205
51.9801
51.9043
0
14.261
14.2005
95.5882
102.874
61.5824
51.9285
51.8544
0
14.313
14.2803
95.5882
102.878
61.5439
51.8766
51.8041
0
14.3648
14.3602
95.5882
102.883
61.5052
51.8244
51.7534
0
14.4165
14.4401
95.5882
102.888
61.4663
51.7718
51.7024
0
14.4679
14.52
95.5882
102.892
61.4271
51.719
51.651
0
14.5191
14.5999
95.5882
102.897
61.3877
51.6658
51.5993
0
14.5701
14.6799
95.5882
102.902
61.3481
51.6124
51.5473
0
14.6209
14.7598
95.5882
102.906
61.3082
51.5586
51.495
0
14.6715
14.8398
95.5882
102.911
61.2682
51.5046
51.4423
0
14.7218
14.9197
95.5882
102.916
61.228
51.4503
51.3893
0
14.7719
14.9996
95.5882
102.921
61.1876
51.3957
51.336
0
14.8218
15.0796
95.5882
102.926
61.147
51.3408
51.2824
0
14.8715
15.1594
95.5882
102.931
61.1062
51.2857
51.2284
0
14.921
15.2393
95.5882
102.936
61.0653
51.2302
51.1742
0
14.9702
15.3191
95.5882
102.941
61.0242
51.1745
51.1197
0
15.0191
15.3989
95.5882
102.946
60.9829
51.1185
51.0649
0
15.0679
15.4786
95.5882
102.951
60.9416
51.0623
51.0097
0
15.1164
15.5583
95.5882
102.956
60.9
51.0058
50.9543
0
15.1646
15.6379
95.5882
102.961
60.8584
50.9491
50.8987
0
15.2126
15.7175
95.5882
102.966
60.8166
50.8921
50.8427
0
15.2604
15.7969
95.5882
102.971
60.7747
50.8348
50.7865
0
15.3079
15.8763
95.5882
102.976
60.7327
50.7773
50.73
0
15.3551
15.9556
95.5882
102.981
60.6906
50.7196
50.6732
0
15.4021
16.0348
95.5882
102.986
60.6484
50.6616
50.6162
0
15.4488
16.1139
95.5882
102.992
60.6062
50.6034
50.5589
0
15.4953
16.1929
95.5882
102.997
60.5638
50.5449
50.5013
0
15.5415
16.2718
95.5882
103.002
60.5213
50.4863
50.4435
0
15.5875
16.3506
95.5882
103.007
60.4788
50.4273
50.3855
0
15.6332
16.4293